graph_01_100 3 4 6 7 9 10 13 19 20 23 28 30 31 32 34 38 39 53 54 61 67 70 77 81 82 85 90 92 95
graph_02_250 2 8 23 25 30 37 43 51 59 74 78 81 86 103 106 121 124 132 133 134 145 148 150 151 155 157 164 179 181 193 198 202 205 209 212 221 222 236 248
graph_03_500 5 27 33 41 51 59 86 89 109 112 136 148 161 169 181 196 217 234 262 285 288 301 305 307 320 328 338 345 350 354 359 388 390 401 405 409 418 429 431 440 443 461 464 471 486 488
graph_04_1000 1 15 20 25 33 45 53 111 131 145 147 172 202 216 228 231 232 233 239 268 291 333 342 373 385 476 482 490 492 563 578 579 603 614 651 662 664 688 702 717 724 747 750 765 772 788 791 809 822 835 837 881 884 886 961
graph_05_100 2 3 13 17 20 23 25 26 29 33 34 36 39 42 46 49 51 52 54 57 58 62 63 67 68 71 72 73 74 75 76 81 87 94
graph_06_250 0 1 6 7 8 10 13 14 18 24 26 29 32 34 36 39 41 45 48 50 55 62 66 68 83 86 89 90 92 94 97 98 101 105 108 109 110 115 117 118 121 125 129 131 132 133 144 146 154 156 158 161 163 166 169 172 175 178 179 184 187 192 193 195 204 207 208 212 216 217 219 223 224 229 233 236 241 248
graph_07_500 0 4 11 12 13 14 27 29 30 32 35 48 50 53 54 57 59 62 63 69 70 71 77 81 82 84 94 95 97 98 100 102 106 113 117 119 120 123 126 130 132 135 136 145 148 150 151 154 160 167 168 170 172 174 175 178 180 184 185 186 187 192 195 200 202 203 219 224 226 227 228 230 233 239 241 242 243 247 259 263 265 267 271 276 277 278 281 288 289 291 296 300 304 306 313 314 316 319 321 324 327 329 330 333 336 337 338 339 341 345 348 354 363 366 368 370 372 374 375 376 381 384 387 388 389 393 396 401 404 405 406 410 414 418 422 423 425 430 434 435 436 437 438 449 450 453 456 459 462 467 472 474 476 478 482 488 489 490 492 496 497 499
graph_08_1000 0 1 16 17 19 20 22 23 24 32 33 37 41 42 50 51 52 55 58 61 65 68 73 76 84 87 104 108 109 114 115 123 125 126 128 137 141 143 146 154 157 162 164 170 175 181 182 186 188 190 193 195 198 200 202 208 209 212 213 214 216 217 220 223 225 229 232 237 244 247 248 252 253 254 256 257 260 264 266 267 270 280 286 290 291 293 294 295 296 298 300 303 311 316 317 318 320 321 326 328 329 331 333 334 339 353 357 359 360 366 375 379 381 383 389 390 392 395 396 408 411 414 423 427 430 434 446 447 450 451 453 463 465 466 470 476 477 488 492 498 504 505 510 513 521 527 529 531 532 537 540 545 548 552 554 555 558 562 563 568 570 572 576 577 578 580 581 586 591 595 596 597 599 605 607 611 613 616 620 621 623 629 631 635 642 644 645 649 650 659 665 668 675 683 684 689 692 693 695 698 701 705 708 709 712 716 722 723 724 726 727 728 732 735 736 744 746 747 753 759 762 763 764 768 771 775 776 777 778 779 781 782 785 792 794 796 797 801 803 804 807 808 809 813 815 816 822 823 827 830 831 833 835 839 840 841 851 855 863 866 868 869 872 874 875 878 886 889 890 894 895 898 901 904 919 922 928 931 932 940 943 944 945 946 947 956 957 959 971 973 974 975 976 979 985 986 987
graph_09_100 1 3 7 8 9 14 15 16 17 19 25 26 27 28 29 31 32 34 35 37 38 40 45 46 47 52 53 61 64 67 68 69 71 77 79 81 88 89
graph_10_250 0 3 4 5 6 11 13 16 18 20 23 26 27 28 30 31 32 33 34 35 37 38 39 47 48 49 50 54 55 56 60 65 69 70 71 76 77 78 80 88 89 90 95 96 97 98 101 103 106 111 114 115 116 118 126 130 131 133 139 140 142 143 145 149 150 152 155 158 168 171 174 176 177 179 182 184 185 189 191 195 196 198 203 204 211 213 218 222 224 227 228 237 239 241 243
graph_11_500 0 2 3 5 6 8 9 10 11 17 18 20 22 23 24 25 28 33 36 37 38 39 40 41 43 44 45 46 49 50 52 53 54 56 57 58 59 60 62 63 64 65 67 68 71 72 73 74 76 77 79 80 84 85 87 92 95 99 100 101 106 108 110 111 112 113 114 117 122 129 134 135 138 141 143 145 148 153 154 155 156 157 159 160 163 165 166 168 172 174 177 180 183 184 185 186 188 189 193 197 199 200 203 204 206 209 211 212 221 222 223 225 230 232 237 240 241 246 250 254 256 259 261 263 264 274 275 276 277 279 280 290 291 295 296 298 300 301 302 303 306 307 308 314 319 322 323 325 328 329 330 336 337 338 352 355 360 363 365 369 375 380 382 383 385 388 392 393 395 400 401 412 414 418 422 424 427 437 438 439 446 450 453 461 462 464 465 474 475 477 479 486
graph_12_1000 1 2 4 6 8 9 10 12 13 15 16 18 21 22 24 25 26 32 33 35 39 40 41 43 44 48 49 50 51 52 53 56 57 58 59 61 63 64 65 66 70 72 73 75 78 82 83 88 90 91 92 93 94 98 99 100 101 103 107 108 111 112 113 115 119 120 122 124 126 128 129 130 133 135 136 137 141 143 145 146 147 149 150 151 152 153 156 157 160 161 164 165 169 172 173 176 177 178 179 183 185 188 197 198 203 204 206 209 210 211 212 213 214 216 217 218 220 223 224 227 228 231 232 233 234 235 237 238 245 251 255 256 261 265 266 269 271 276 280 282 283 284 287 288 290 292 296 297 299 301 303 305 306 307 308 315 317 320 322 324 325 327 329 331 333 334 335 337 342 344 350 352 354 356 357 360 361 362 363 365 366 367 369 375 376 382 383 385 386 387 388 392 393 395 397 401 403 404 405 406 411 414 415 416 417 419 421 422 423 425 431 432 433 434 437 440 442 446 449 450 457 463 465 470 476 477 479 481 482 485 486 488 489 494 495 496 499 502 506 510 514 518 521 522 528 529 530 532 533 535 536 539 543 544 545 546 558 562 566 568 571 573 577 579 581 583 586 587 592 593 597 599 600 604 606 607 614 620 625 629 630 635 637 640 642 643 644 645 646 647 652 653 655 664 669 672 676 677 681 682 683 684 687 688 689 691 693 694 696 700 702 703 712 715 719 720 728 732 734 738 744 747 751 756 760 764 771 780 781 782 784 792 798 801 807 812 817 823 824 825 826 830 833 836 840 842 843 846 848 852 860 864 871 872 873 879 882 886 891 894 900 905 910 913 915 918 919 923 930 938 942 947 948 949 950 953 956 959 960 967 971 972 973 974 976 985 994 997
